Size 5
Matrix Nr  1
 
1 0 0 0 0 
0 1 0 0 0 
0 0 1 0 0 
0 0 0 1 0 
0 0 0 0 1 

Size 7
Matrix Nr  1
 
1.000000e+00 0 6.180340e-01 0 6.180340e-01 0 0 
0 5.174457e-33 0 0 0 0 0 
6.180340e-01 0 1.000000e+00 0 0 6.180340e-01 0 
0 0 0 5.000000e-01 0 0 0 
6.180340e-01 0 0 0 1.000000e+00 0 6.180340e-01 
0 0 6.180340e-01 0 0 1.000000e+00 6.180340e-01 
0 0 0 0 6.180340e-01 6.180340e-01 1.000000e+00 

Size 8
Matrix Nr  1
 
1.000000e+00 8.049491e-01 0 8.049491e-01 4.416456e-01 0 0 0 
8.049491e-01 1.000000e+00 0 8.049491e-01 0 4.416456e-01 0 0 
0 0 9.206337e-34 0 0 0 0 0 
8.049491e-01 8.049491e-01 0 1.000000e+00 0 0 4.416456e-01 0 
4.416456e-01 0 0 0 1.000000e+00 0 0 5.553572e-01 
0 4.416456e-01 0 0 0 1.000000e+00 0 5.553572e-01 
0 0 0 4.416456e-01 0 0 1.000000e+00 5.553572e-01 
0 0 0 0 5.553572e-01 5.553572e-01 5.553572e-01 1.000000e+00 

Size 9
Matrix Nr  1
 
1.274201e+00 2.641137e-01 2.783471e-01 3.598046e-01 2.106853e-22 0 0 0 0 
2.641137e-01 1.062904e+00 0 0 0 1.794540e-05 0 0 0 
2.783471e-01 0 1.006716e+00 0 0 0 0 1.459300e-05 0 
3.598046e-01 0 0 1.144024e-01 0 0 0 0 9.149387e-07 
2.106853e-22 0 0 0 3.176651e-40 0 -1.676414e-20 0 0 
0 1.794540e-05 0 0 0 9.418568e-01 9.136987e-01 9.411792e-01 9.355541e-01 
0 0 0 0 -1.676414e-20 9.136987e-01 8.863824e-01 9.130414e-01 9.075844e-01 
0 0 1.459300e-05 0 0 9.411792e-01 9.130414e-01 9.405022e-01 9.348811e-01 
0 0 0 9.149387e-07 0 9.355541e-01 9.075844e-01 9.348811e-01 9.292936e-01 

Size 9
Matrix Nr  1
 
1.000000e+00 3.902419e-16 2.767922e-16 3.902419e-16 3.902419e-16 3.902419e-16 3.902419e-16 3.902419e-16 3.902419e-16 
3.902419e-16 1.000000e+00 3.902419e-16 8.019377e-01 8.019377e-01 3.568959e-01 3.568959e-01 1.291230e-15 1.291230e-15 
2.767922e-16 3.902419e-16 1.000000e+00 3.902419e-16 3.902419e-16 3.902419e-16 3.902419e-16 3.902419e-16 3.902419e-16 
3.902419e-16 8.019377e-01 3.902419e-16 1.000000e+00 3.568959e-01 8.019377e-01 1.291230e-15 1.291230e-15 3.568959e-01 
3.902419e-16 8.019377e-01 3.902419e-16 3.568959e-01 1.000000e+00 1.291230e-15 8.019377e-01 3.568959e-01 1.291230e-15 
3.902419e-16 3.568959e-01 3.902419e-16 8.019377e-01 1.291230e-15 1.000000e+00 1.291230e-15 3.568959e-01 8.019377e-01 
3.902419e-16 3.568959e-01 3.902419e-16 1.291230e-15 8.019377e-01 1.291230e-15 1.000000e+00 8.019377e-01 3.568959e-01 
3.902419e-16 1.291230e-15 3.902419e-16 1.291230e-15 3.568959e-01 3.568959e-01 8.019377e-01 1.000000e+00 8.019377e-01 
3.902419e-16 1.291230e-15 3.902419e-16 3.568959e-01 1.291230e-15 8.019377e-01 3.568959e-01 8.019377e-01 1.000000e+00 

Size 9
Matrix Nr  1
 
1.000000e+00 0 4.022100e-01 0 0 0 0 4.022100e-01 0 
0 1.000000e+00 7.171749e-01 0 4.856602e-01 0 6.241589e-01 0 0 
4.022100e-01 7.171749e-01 1.000000e+00 0 0 4.063566e-01 8.703022e-01 0 0 
0 0 0 7.000419e-33 0 0 0 0 0 
0 4.856602e-01 0 0 1.000000e+00 0 0 7.171749e-01 6.241589e-01 
0 0 4.063566e-01 0 0 1.000000e+00 7.001253e-01 4.063566e-01 7.001253e-01 
0 6.241589e-01 8.703022e-01 0 0 7.001253e-01 1.000000e+00 0 2.425740e-01 
4.022100e-01 0 0 0 7.171749e-01 4.063566e-01 0 1.000000e+00 8.703022e-01 
0 0 0 0 6.241589e-01 7.001253e-01 2.425740e-01 8.703022e-01 1.000000e+00 

Size 9
Matrix Nr  1
 
1.053583e+00 0 0 4.028449e-01 0 2.767110e-01 0 0 0 
0 9.144580e-01 9.144580e-01 7.592627e-01 9.981261e-13 0 0 0 0 
0 9.144580e-01 9.144580e-01 7.592627e-01 0 0 9.981261e-13 0 0 
4.028449e-01 7.592627e-01 7.592627e-01 9.488177e-01 0 0 0 4.028449e-01 0 
0 9.981261e-13 0 0 5.536023e-22 2.456011e-11 0 0 2.456011e-11 
2.767110e-01 0 0 0 2.456011e-11 1.154208e+00 2.456011e-11 0 1.081533e+00 
0 0 9.981261e-13 0 0 2.456011e-11 5.536023e-22 0 2.456011e-11 
0 0 0 4.028449e-01 0 0 0 1.053583e+00 2.767110e-01 
0 0 0 0 2.456011e-11 1.081533e+00 2.456011e-11 2.767110e-01 1.154208e+00 

