Size 5
Matrix Nr  1
 
1 0 0 0 0 
0 1 0 0 0 
0 0 1 0 0 
0 0 0 1 0 
0 0 0 0 1 

Size 7
Matrix Nr  1
 
1 0 1 0 1 0 0 
0 1 0 0 0 0 0 
1 0 1 0 0 1 0 
0 0 0 1 0 0 0 
1 0 0 0 1 0 1 
0 0 1 0 0 1 1 
0 0 0 0 1 1 1 

Size 8
Matrix Nr  1
 
1 1 0 1 1 0 0 0 
1 1 0 1 0 1 0 0 
0 0 1 0 0 0 0 0 
1 1 0 1 0 0 1 0 
1 0 0 0 1 0 0 1 
0 1 0 0 0 1 0 1 
0 0 0 1 0 0 1 1 
0 0 0 0 1 1 1 1 

Size 9
Matrix Nr  1
 
1 1 1 1 1 0 0 0 0 
1 1 0 0 0 1 0 0 0 
1 0 1 0 0 0 0 1 0 
1 0 0 1 0 0 0 0 1 
1 0 0 0 1 0 1 0 0 
0 1 0 0 0 1 1 1 1 
0 0 0 0 1 1 1 1 1 
0 0 1 0 0 1 1 1 1 
0 0 0 1 0 1 1 1 1 

Size 9
Matrix Nr  2
 
1 0 0 0 0 0 0 0 0 
0 1 0 1 1 1 1 0 0 
0 0 1 0 0 0 0 0 0 
0 1 0 1 1 1 0 0 1 
0 1 0 1 1 0 1 1 0 
0 1 0 1 0 1 0 1 1 
0 1 0 0 1 0 1 1 1 
0 0 0 0 1 1 1 1 1 
0 0 0 1 0 1 1 1 1 

Size 9
Matrix Nr  3
 
1 0 1 0 0 0 0 1 0 
0 1 1 0 1 0 1 0 0 
1 1 1 0 0 1 1 0 0 
0 0 0 1 0 0 0 0 0 
0 1 0 0 1 0 0 1 1 
0 0 1 0 0 1 1 1 1 
0 1 1 0 0 1 1 0 1 
1 0 0 0 1 1 0 1 1 
0 0 0 0 1 1 1 1 1 

Size 9
Matrix Nr  4
 
1 0 0 1 0 1 0 0 0 
0 1 1 1 1 0 0 0 0 
0 1 1 1 0 0 1 0 0 
1 1 1 1 0 0 0 1 0 
0 1 0 0 1 1 0 0 1 
1 0 0 0 1 1 1 0 1 
0 0 1 0 0 1 1 0 1 
0 0 0 1 0 0 0 1 1 
0 0 0 0 1 1 1 1 1 

